[gd_scene load_steps=16 format=3 uid="uid://dxvvlck8lej3f"]

[ext_resource type="Environment" uid="uid://b3dksqa4bdkqk" path="res://skybox/world_environment.tres" id="1_pou40"]
[ext_resource type="PackedScene" uid="uid://dl2ed4gkybggf" path="res://objects/player.tscn" id="2_elriq"]
[ext_resource type="Script" path="res://scripts/hud.gd" id="3_s8mkj"]
[ext_resource type="PackedScene" uid="uid://dpm3l05d7fu35" path="res://objects/platform.tscn" id="5_3s40e"]
[ext_resource type="PackedScene" uid="uid://r7rt7pth4u7o" path="res://objects/wall_low.tscn" id="5_6vel1"]
[ext_resource type="Texture2D" uid="uid://bvud5u0bkd6su" path="res://interface/hp_bar_under.png" id="5_ckq8k"]
[ext_resource type="Texture2D" uid="uid://c0nq58aqj78th" path="res://interface/hp_bar_over.png" id="6_elbaa"]
[ext_resource type="PackedScene" uid="uid://c71evdjblk5wp" path="res://objects/wall_high.tscn" id="7_cabne"]
[ext_resource type="Texture2D" uid="uid://cqygwt0dfusep" path="res://interface/hp_bar_progress.png" id="7_iciwq"]
[ext_resource type="PackedScene" uid="uid://bvx5cvigosg0s" path="res://objects/platform_large.tscn" id="7_wggef"]
[ext_resource type="PackedScene" uid="uid://d2g78tpqbyf5g" path="res://objects/enemy.tscn" id="8_7ty2f"]
[ext_resource type="Material" uid="uid://cjqcl1kyga14h" path="res://shader/water_low_poly.tres" id="12_lhbty"]

[sub_resource type="Animation" id="Animation_bi6i1"]
resource_name = "HurtFilter"
length = 0.1
step = 0.01
tracks/0/type = "value"
tracks/0/imported = false
tracks/0/enabled = true
tracks/0/path = NodePath("HurtFilter:color")
tracks/0/interp = 1
tracks/0/loop_wrap = true
tracks/0/keys = {
"times": PackedFloat32Array(0, 0.02, 0.1),
"transitions": PackedFloat32Array(1, 1, 1),
"update": 0,
"values": [Color(1, 0, 0, 0), Color(1, 0, 0, 0.25098), Color(1, 0, 0, 0)]
}

[sub_resource type="AnimationLibrary" id="AnimationLibrary_jj6v1"]
_data = {
"HurtFilter": SubResource("Animation_bi6i1")
}

[sub_resource type="PlaneMesh" id="PlaneMesh_a6q5a"]
size = Vector2(128, 128)
subdivide_width = 128
subdivide_depth = 128

[node name="Main" type="Node3D"]

[node name="WorldEnvironment" type="WorldEnvironment" parent="."]
environment = ExtResource("1_pou40")

[node name="Player" parent="." node_paths=PackedStringArray("crosshair") instance=ExtResource("2_elriq")]
crosshair = NodePath("../HUD/Crosshair")

[node name="Sun" type="DirectionalLight3D" parent="."]
transform = Transform3D(-0.422618, -0.694272, 0.582563, 0, 0.642788, 0.766044, -0.906308, 0.323744, -0.271654, 0, 0, 0)
shadow_enabled = true
shadow_bias = 0.0
shadow_opacity = 0.75
shadow_blur = 3.0

[node name="HUD" type="CanvasLayer" parent="."]
script = ExtResource("3_s8mkj")

[node name="HurtFilter" type="ColorRect" parent="HUD"]
texture_filter = 1
offset_left = -126.0
offset_top = -93.0
offset_right = 1403.0
offset_bottom = 841.0
color = Color(1, 0, 0, 0)

[node name="Crosshair" type="TextureRect" parent="HUD"]
texture_filter = 1
anchors_preset = 8
anchor_left = 0.5
anchor_top = 0.5
anchor_right = 0.5
anchor_bottom = 0.5
offset_left = -20.0
offset_top = -20.0
offset_right = 20.0
offset_bottom = 20.0
grow_horizontal = 2
grow_vertical = 2
scale = Vector2(0.35, 0.35)
pivot_offset = Vector2(64, 64)

[node name="HealthBar" type="TextureProgressBar" parent="HUD"]
texture_filter = 1
offset_left = 36.0
offset_top = 36.0
offset_right = 52.0
offset_bottom = 40.0
scale = Vector2(9, 9)
value = 100.0
texture_under = ExtResource("5_ckq8k")
texture_over = ExtResource("6_elbaa")
texture_progress = ExtResource("7_iciwq")
tint_under = Color(1, 1, 1, 0)
tint_progress = Color(0, 1, 0, 1)

[node name="AnimationPlayer" type="AnimationPlayer" parent="HUD"]
libraries = {
"": SubResource("AnimationLibrary_jj6v1")
}

[node name="WeaponSprite" type="Sprite2D" parent="HUD"]
position = Vector2(164, 618)
scale = Vector2(0.6, 0.6)

[node name="Enemies" type="Node" parent="."]

[node name="enemy-flying" parent="Enemies" node_paths=PackedStringArray("player") instance=ExtResource("8_7ty2f")]
transform = Transform3D(1, 0, 0, 0, 1, 0, 0, 0, 1, -3.5, 2.5, -6)
player = NodePath("../../Player")

[node name="enemy-flying2" parent="Enemies" node_paths=PackedStringArray("player") instance=ExtResource("8_7ty2f")]
transform = Transform3D(-4.37114e-08, 0, 1, 0, 1, 0, -1, 0, -4.37114e-08, -9.5, 2.5, 1.5)
player = NodePath("../../Player")

[node name="enemy-flying3" parent="Enemies" node_paths=PackedStringArray("player") instance=ExtResource("8_7ty2f")]
transform = Transform3D(-0.707107, 0, -0.707107, 0, 1, 0, 0.707107, 0, -0.707107, 5.5, 3.5, 9)
player = NodePath("../../Player")

[node name="enemy-flying4" parent="Enemies" node_paths=PackedStringArray("player") instance=ExtResource("8_7ty2f")]
transform = Transform3D(0.707107, 0, -0.707107, 0, 1, 0, 0.707107, 0, 0.707107, 15.5, 4, -7.5)
player = NodePath("../../Player")

[node name="Level" type="Node" parent="."]

[node name="wall-low" parent="Level" instance=ExtResource("5_6vel1")]
transform = Transform3D(0.965926, 0, 0.258819, 0, 1, 0, -0.258819, 0, 0.965926, -1.92088, 1.05, -6.90166)

[node name="wall-low3" parent="Level" instance=ExtResource("5_6vel1")]
transform = Transform3D(-1, 0, -1.19209e-07, 0, 1, 0, 1.19209e-07, 0, -1, 6.07912, 1.05, 6.59834)

[node name="platform" parent="Level" instance=ExtResource("5_3s40e")]
transform = Transform3D(1, 0, 0, 0, 1, 0, 0, 0, 1, -2.5, 0, 6.5)

[node name="platform2" parent="Level" instance=ExtResource("5_3s40e")]
transform = Transform3D(1, 0, 0, 0, 1, 0, 0, 0, 1, -6.5, 2.5, -2.5)

[node name="platform3" parent="Level" instance=ExtResource("5_3s40e")]
transform = Transform3D(1, 0, 0, 0, 1, 0, 0, 0, 1, 2.5, 3, -3.5)

[node name="platform4" parent="Level" instance=ExtResource("5_3s40e")]
transform = Transform3D(0.707107, 0, -0.707107, 0, 1, 0, 0.707107, 0, 0.707107, 7, 1, -2)

[node name="wall-high" parent="Level" instance=ExtResource("7_cabne")]
transform = Transform3D(1, 0, 0, 0, 1, 0, 0, 0, 1, -5.5, 1.5, 4)

[node name="wall-high2" parent="Level" instance=ExtResource("7_cabne")]
transform = Transform3D(0.707107, 0, -0.707107, 0, 1, 0, 0.707107, 0, 0.707107, 11.5, 3, -5.5)

[node name="platform-large-grass" parent="Level" instance=ExtResource("7_wggef")]
transform = Transform3D(1, 0, 0, 0, 1, 0, 0, 0, 1, 0, -0.5, 0)

[node name="platform-large-grass2" parent="Level" instance=ExtResource("7_wggef")]
transform = Transform3D(0.965926, 0, 0.258819, 0, 1, 0, -0.258819, 0, 0.965926, -2, 0.5, -6)

[node name="platform-large-grass3" parent="Level" instance=ExtResource("7_wggef")]
transform = Transform3D(0.965926, 0, -0.258819, 0, 1, 0, 0.258819, 0, 0.965926, -6, 1, 2.5)

[node name="platform-large-grass5" parent="Level" instance=ExtResource("7_wggef")]
transform = Transform3D(0.866026, 0, -0.5, 0, 1, 0, 0.5, 0, 0.866026, 12, 2.5, -5)

[node name="platform-large-grass4" parent="Level" instance=ExtResource("7_wggef")]
transform = Transform3D(0.965926, 0, 0.258819, 0, 1, 0, -0.258819, 0, 0.965926, 5, 0.5, 5.5)

[node name="Decoration" type="Node" parent="."]

[node name="MeshInstance3D" type="MeshInstance3D" parent="Decoration"]
transform = Transform3D(1, 0, 0, 0, 1, 0, 0, 0, 1, 0, -10, 0)
mesh = SubResource("PlaneMesh_a6q5a")
surface_material_override/0 = ExtResource("12_lhbty")

[connection signal="health_updated" from="Player" to="HUD" method="_on_health_updated"]
[connection signal="weapon_change" from="Player" to="HUD" method="_on_player_weapon_change"]
